A:11,9,15,5,1,3,17,16,23,2,24,22,12,20,7,25,4,21,19,6
B:7,25,15,13,11,1,19
C:22,23,5,7,21,1,4,10,13,19,3,16,11,25
D:3,5,4,23,9,1,22,21,16,25,15,19,7
E:17,1,12,21,3,11,9,4,22,5,19,15,7,25,23
F:1,9,25,12,18,14,7,17
G:19,21,1,23,6,17,22,2,13,11,3,5,9,7,20,15,4,25,24
H:16,9,10,15
I:18,20,5,13,25,11,9,19,22,15,1,7,21,12,8
J:21,8,14,1,19,25,18,2,5,17,22
K:17,7,10,2,13,20,18,5,3,16,11,8,6,1,22
L:20,13,9,25,23,8,17,2,19,11,6,10,3,15
M:1,14,6,19,17,18,9,7,24,25,20,23,10
N:15,24,8,10,25,13,5,23,21,17,19
O:21,12,11,18,16,1,15,20,13,2,10,14,7,3,8,17
P:8,2,18,4,1,11,16,23,12,19,24
Q:14,17,10,8,19,7,20,25,9,24,22,18,13,11,21
R:21,17,10,14,25,16,9,24,23
S:3,6,4,22,7,5,17,9,21,19,2,1,16
T:13,7,24,15,25,21,23,17,1
U:4,25,1,15,14,22,7,12,20,24,21,9,5,17,18,19,3
V:3,13,20,24,7,21,18,4,5,19,15,1,11,25
W:14,13,17,1,5,18,20,7,12,11,10,23,15,4,3
X:24,7,12,1,14,17,21,23,18,10
Y:14,24,6,19,11,16,4,25,2,18,5,3,1,21,9,10,7,13,20
